function dT2dP=pd_dT2dP(P,F)

global Mcpx r0 r1

% dT2dP=1e-9*(((19*P)/5 - 529/10)*(Mcpx/(r0 + P*r1))^(2/3) - (-(F - Mcpx/(r0 ...
%     + P*r1))/(Mcpx/(r0 + P*r1) - 1))^(2/3)*((71*P)/5 + ((19*P)/5 - 529/10)*...
%     (Mcpx/(r0 + P*r1))^(2/3) - (2*Mcpx*r1*((19*P^2)/10 - (529*P)/10 + 3893/...
%     10))/(3*(r0 + P*r1)^2*(Mcpx/(r0 + P*r1))^(1/3)) - 1779/10) - (51*P)/5 - ...
%     (2*((Mcpx*r1)/((Mcpx/(r0 + P*r1) - 1)*(r0 + P*r1)^2) + (Mcpx*r1*(F - Mcpx...
%     /(r0 + P*r1)))/((Mcpx/(r0 + P*r1) - 1)^2*(r0 + P*r1)^2))*((1779*P)/10 - (71*...
%     P^2)/10 - (Mcpx/(r0 + P*r1))^(2/3)*((19*P^2)/10 - (529*P)/10 + 3893/10) ...
%     + 28657/10))/(3*(-(F - Mcpx/(r0 + P*r1))/(Mcpx/(r0 + P*r1) - 1))^(1/3)) - ...
%     (2*Mcpx*r1*((19*P^2)/10 - (529*P)/10 + 3893/10))/(3*(r0 + P*r1)^2*(Mcpx/...
%     (r0 + P*r1))^(1/3)) + 1329/10);

% dT2dP=1e-9*((604*P)/25 - ((704*P)/25 + 829/25)*(-(F - Mcpx/(r0 + P*r1))/(Mcpx...
%     /(r0 + P*r1) - 1))^(2/3) + (2*((Mcpx*r1)/((Mcpx/(r0 + P*r1) - 1)*(r0 + ...
%     P*r1)^2) + (Mcpx*r1*(F - Mcpx/(r0 + P*r1)))/((Mcpx/(r0 + P*r1) - 1)^2*(...
%     r0 + P*r1)^2))*((352*P^2)/25 + (829*P)/25 - 581))/(3*(-(F - Mcpx/(r0 + ...
%     P*r1))/(Mcpx/(r0 + P*r1) - 1))^(1/3)) + 1954/25);

dT2dP=1e-9*((507*P)/25 - ((607*P)/25 + 4047/100)*(-(F - Mcpx/(r0 + P*r1))/(Mcpx/(r0 + P*r1) - 1))^(2/3) + (2*((Mcpx*r1)/((Mcpx/(r0 + P*r1) - 1)*(r0 + P*r1)^2) + (Mcpx*r1*(F - Mcpx/(r0 + P*r1)))/((Mcpx/(r0 + P*r1) - 1)^2*(r0 + P*r1)^2))*((607*P^2)/50 + (4047*P)/100 - 587))/(3*(-(F - Mcpx/(r0 + P*r1))/(Mcpx/(r0 + P*r1) - 1))^(1/3)) + 8547/100);

%dT2dP=1e-9*((507*P)/25 - ((607*P)/25 + 4047/100)*((- (3371*P^4)/100000 + (106*P^3)/625 - (297*P^2)/1000 + (41*P)/200 + F - 1807/10000)/(- (3371*P^4)/100000 + (106*P^3)/625 - (297*P^2)/1000 + (41*P)/200 + 8193/10000))^(2/3) + (2*(((3371*P^3)/25000 - (318*P^2)/625 + (297*P)/500 - 41/200)/(- (3371*P^4)/100000 + (106*P^3)/625 - (297*P^2)/1000 + (41*P)/200 + 8193/10000) - (((3371*P^3)/25000 - (318*P^2)/625 + (297*P)/500 - 41/200)*(- (3371*P^4)/100000 + (106*P^3)/625 - (297*P^2)/1000 + (41*P)/200 + F - 1807/10000))/(- (3371*P^4)/100000 + (106*P^3)/625 - (297*P^2)/1000 + (41*P)/200 + 8193/10000)^2)*((607*P^2)/50 + (4047*P)/100 - 587))/(3*((- (3371*P^4)/100000 + (106*P^3)/625 - (297*P^2)/1000 + (41*P)/200 + F - 1807/10000)/(- (3371*P^4)/100000 + (106*P^3)/625 - (297*P^2)/1000 + (41*P)/200 + 8193/10000))^(1/3)) + 8547/100);

end
