function n= pd_reac_olopxcpxgt(P)

%0.083ol+0.810cpx+0.298gt=1L+0.190opx
n=[-0.071.*P+0.105, 0.193.*P-0.123, -0.050.*P-0.923, 0, 0, -0.0072.*P-0.059, 1];

end
