function n=pd_reac_olopxcpxplag(P)

%0.05ol+0.15opx+0.32cpx+0.48plag=1L
n=[-0.059.*P+0.049, 0.217.*P-0.352, 0.039.*P-0.327, -0.196.*P-0.370, 0, 0, 1];

end
