function n=pd_reac_olopxplag()

%0.059ol+0.376cpx+0.565plag=1L
n=[-0.059, 0, -0.376, -0.565, 0, 0, 1];

end
