function n= pd_reac_olopxcpxsp(P)

%0.56opx+0.72cpx=1L+0.34ol+0.04sp
n=[-0.153.*P+0.429, 0.497.*P-0.901, -0.356.*P-0.338, 0, 0.003.*P-0.179, 0, 1];

end
